epoch 0
[2.49789895 0.         0.92045854] 0.0[2.49789895 0.         0.92045854] [0]
[3.57971545 0.         3.71408227] 0.0[3.57971545 0.         3.71408227] [0]
[1.55441854 0.0971879  0.74806677] 0.059[1.55441854 0.0971879  0.74806677] [590]
[1.         1.02284364 1.89945391] 0.2444[1.         1.02284364 1.89945391] [2444]
[1.         3.32447441 1.90747678] 0.4237[1.         3.32447441 1.90747678] [4237]
[1.        0.        2.2058494] 0.0[1.        0.        2.2058494] [0]
[1.         3.66641952 4.59411412] 0.3546[1.         3.66641952 4.59411412] [3546]
[1.01201738 0.         0.        ] 0.6247[1.01201738 0.         0.        ] [6247]
[1.90616588 0.         0.        ] 0.6248[1.90616588 0.         0.        ] [6248]
[1.99795092 5.77831845 0.        ] 0.8244[1.99795092 5.77831845 0.        ] [8244]
[3.9586077  1.85022131 2.45717629] 0.1661[3.9586077  1.85022131 2.45717629] [1661]
[1.48159315 5.47314145 2.5248914 ] 0.4296[1.48159315 5.47314145 2.5248914 ] [4296]
[1. 0. 0.] 0.6247[1. 0. 0.] [6247]
[1.        0.        2.0527772] 0.0[1.        0.        2.0527772] [0]
[4.20018714 3.25622774 0.        ] 0.6588[4.20018714 3.25622774 0.        ] [6588]
[1.         1.62712939 1.16286755] 0.3888[1.         1.62712939 1.16286755] [3888]
[2.28635717 4.70130369 0.59035143] 0.4278[2.28635717 4.70130369 0.59035143] [4278]
[3.94125701 3.49630887 2.36366592] 0.2281[3.94125701 3.49630887 2.36366592] [2281]
[8.59285656 0.         3.8348303 ] 0.0[8.59285656 0.         3.8348303 ] [0]
[1.         0.         8.41242548] 0.0[1.         0.         8.41242548] [0]
[1.86774014 0.         4.96634402] 0.0[1.86774014 0.         4.96634402] [0]
[2.15358449 0.         7.03177065] 0.0[2.15358449 0.         7.03177065] [0]
[1.         2.04886179 2.99863783] 0.3187[1.         2.04886179 2.99863783] [3187]
[1.         6.54817295 5.47799531] 0.4052[1.         6.54817295 5.47799531] [4052]
[1.7725136  6.92084207 2.14223207] 0.4421[1.7725136  6.92084207 2.14223207] [4421]
[1.31140632 0.27242577 1.37776887] 0.0428[1.31140632 0.27242577 1.37776887] [428]
[3.80074277 1.5196347  4.58547551] 0.081[3.80074277 1.5196347  4.58547551] [810]
[1.43275881 0.12197979 1.57227507] 0.0[1.43275881 0.12197979 1.57227507] [0]
[2.89770691 0.         4.77620259] 0.0[2.89770691 0.         4.77620259] [0]
[1.45991325 4.34345938 0.37522764] 0.4842[1.45991325 4.34345938 0.37522764] [4842]
[1.         3.55821251 3.43496775] 0.3837[1.         3.55821251 3.43496775] [3837]
[6.24601081 0.         1.28026164] 0.0[6.24601081 0.         1.28026164] [0]
[1.         2.11505488 0.        ] 0.8252[1.         2.11505488 0.        ] [8252]
[1.         8.08902831 1.15445408] 0.4833[1.         8.08902831 1.15445408] [4833]
[3.70593121 0.         5.02684514] 0.0[3.70593121 0.         5.02684514] [0]
[3.31213244 0.13902269 0.76543007] 0.0598[3.31213244 0.13902269 0.76543007] [598]
[8.20175587 1.72691215 3.77575173] 0.1036[8.20175587 1.72691215 3.77575173] [1036]
[6.11205454 5.33252975 3.16786114] 0.2064[6.11205454 5.33252975 3.16786114] [2064]
[1.         2.82249505 1.6304409 ] 0.4196[1.         2.82249505 1.6304409 ] [4196]
[4.02220733 1.03694698 0.        ] 0.6352[4.02220733 1.03694698 0.        ] [6352]
[6.43374051 2.77945435 0.        ] 0.6413[6.43374051 2.77945435 0.        ] [6413]
[3.34136562 0.         1.74499136] 0.0[3.34136562 0.         1.74499136] [0]
[1.         1.76412656 1.15951371] 0.3978[1.         1.76412656 1.15951371] [3978]
[1.66431137 0.2210876  0.        ] 0.661[1.66431137 0.2210876  0.        ] [6610]
[7.39054394 0.         3.05543551] 0.0[7.39054394 0.         3.05543551] [0]
[4.27589182 3.58524277 0.        ] 0.6608[4.27589182 3.58524277 0.        ] [6608]
[1.85910473 0.46517952 0.        ] 0.692[1.85910473 0.46517952 0.        ] [6920]
[1.         0.27534533 3.03281768] 0.0[1.         0.27534533 3.03281768] [0]
[1.33015094 7.73433915 0.        ] 0.834[1.33015094 7.73433915 0.        ] [8340]
[4.60255788 0.         0.19065043] 0.222[4.60255788 0.         0.19065043] [2220]
[1.         0.         3.93341383] 0.0[1.         0.         3.93341383] [0]
[5.13938964 2.41842229 4.76487081] 0.1273[5.13938964 2.41842229 4.76487081] [1273]
[6.22550544 2.54337766 2.21545224] 0.173[6.22550544 2.54337766 2.21545224] [1730]
[3.46861484 3.2777846  4.98398535] 0.1835[3.46861484 3.2777846  4.98398535] [1835]
[2.7968118  0.39897596 6.59404432] 0.0[2.7968118  0.39897596 6.59404432] [0]
[4.31845677 3.02417487 0.73994335] 0.2427[4.31845677 3.02417487 0.73994335] [2427]
[1.         1.73753257 1.78232698] 0.3577[1.         1.73753257 1.78232698] [3577]
[1.97314163 3.90086147 0.        ] 0.8178[1.97314163 3.90086147 0.        ] [8178]
[2.88043569 1.95471587 1.75200891] 0.2206[2.88043569 1.95471587 1.75200891] [2206]
[1.        0.        2.0658005] 0.0[1.        0.        2.0658005] [0]
[1.         0.         4.49243731] 0.0[1.         0.         4.49243731] [0]
[1.         0.         0.09825707] 0.2402[1.         0.         0.09825707] [2402]
[1.         3.29293414 0.76231049] 0.4644[1.         3.29293414 0.76231049] [4644]
[1.         0.09660705 0.        ] 0.6643[1.         0.09660705 0.        ] [6643]
[1.         0.19055089 9.26253128] 0.0[1.         0.19055089 9.26253128] [0]
[1.         0.         0.37866261] 0.1368[1.         0.         0.37866261] [1368]
[1. 0. 0.] 0.6247[1. 0. 0.] [6247]
[4.48112137 2.57566397 0.        ] 0.6409[4.48112137 2.57566397 0.        ] [6409]
[5.30992924 4.19358684 3.23781146] 0.2009[5.30992924 4.19358684 3.23781146] [2009]
[5.68517455 6.02689422 0.        ] 0.646[5.68517455 6.02689422 0.        ] [6460]
[1.         4.41783456 0.        ] 0.8322[1.         4.41783456 0.        ] [8322]
[3.60177889 3.6196843  3.63198421] 0.2188[3.60177889 3.6196843  3.63198421] [2188]
[2.41736464 0.         5.48759682] 0.0[2.41736464 0.         5.48759682] [0]
[3.2634597 0.        0.       ] 0.6249[3.2634597 0.        0.       ] [6249]
[1.         0.41884999 3.469388  ] 0.0[1.         0.41884999 3.469388  ] [0]
[2.17395321 3.21887982 0.90340023] 0.3838[2.17395321 3.21887982 0.90340023] [3838]
[1.21113531 3.75664706 0.        ] 0.829[1.21113531 3.75664706 0.        ] [8290]
[2.040635   0.12673676 0.        ] 0.6164[2.040635   0.12673676 0.        ] [6164]
[2.72899219 1.13301085 0.        ] 0.6817[2.72899219 1.13301085 0.        ] [6817]
[1.        0.        3.1887256] 0.0[1.        0.        3.1887256] [0]
[6.27384351 2.54634884 0.        ] 0.6407[6.27384351 2.54634884 0.        ] [6407]
[1.         1.70886024 0.24030668] 0.4821[1.         1.70886024 0.24030668] [4821]
[1.51980018 1.40109395 3.88837811] 0.1289[1.51980018 1.40109395 3.88837811] [1289]
[4.83236259 0.         1.37075605] 0.0[4.83236259 0.         1.37075605] [0]
[4.75988174 0.         1.89979384] 0.0[4.75988174 0.         1.89979384] [0]
[1.         0.         2.85222585] 0.0[1.         0.         2.85222585] [0]
[1.         1.15100143 0.        ] 0.8107[1.         1.15100143 0.        ] [8107]
[1.         2.11863172 4.85716125] 0.2366[1.         2.11863172 4.85716125] [2366]
[3.93718986 4.09703562 1.66568824] 0.2552[3.93718986 4.09703562 1.66568824] [2552]
[2.50334733 0.         7.67079657] 0.0[2.50334733 0.         7.67079657] [0]
[1.         0.62069235 5.55696782] 0.0[1.         0.62069235 5.55696782] [0]
[5.49722777 0.         1.49013689] 0.0[5.49722777 0.         1.49013689] [0]
[4.65563185 2.08217775 3.05905157] 0.1531[4.65563185 2.08217775 3.05905157] [1531]
[4.66946734 1.5396233  0.        ] 0.6345[4.66946734 1.5396233  0.        ] [6345]
[2.87942735 0.         0.        ] 0.6249[2.87942735 0.         0.        ] [6249]
[2.73635852 0.         0.        ] 0.6248[2.73635852 0.         0.        ] [6248]
[1.         1.66539081 4.05196404] 0.2134[1.         1.66539081 4.05196404] [2134]
[1.         0.         5.53913166] 0.0[1.         0.         5.53913166] [0]
[1.         3.01748192 1.79873582] 0.4189[1.         3.01748192 1.79873582] [4189]
[1.         0.         3.47531203] 0.0[1.         0.         3.47531203] [0]
epoch 1
[1.50772875 5.09751117 0.        ] 0.8289[1.50772875 5.09751117 0.        ] [8289]
[2.1196466 0.        0.       ] 0.6248[2.1196466 0.        0.       ] [6248]
[2.48220726 6.81675237 0.09589471] 0.5414[2.48220726 6.81675237 0.09589471] [5414]
[1.         2.1335475  0.04561328] 0.675[1.         2.1335475  0.04561328] [6750]
[2.02412207 2.00817897 0.09374533] 0.4759[2.02412207 2.00817897 0.09374533] [4759]
[1.41598033 2.58172847 0.        ] 0.8204[1.41598033 2.58172847 0.        ] [8204]
[1.         2.60268622 0.        ] 0.8275[1.         2.60268622 0.        ] [8275]
[1.46122002 1.92440515 0.        ] 0.8106[1.46122002 1.92440515 0.        ] [8106]
[1.         3.55500478 0.05723446] 0.6534[1.         3.55500478 0.05723446] [6534]
[1.58900466 0.         0.03420504] 0.3094[1.58900466 0.         0.03420504] [3094]
[1.7155658  2.31556937 0.        ] 0.8088[1.7155658  2.31556937 0.        ] [8088]
[2.00935353 1.42067043 0.        ] 0.7747[2.00935353 1.42067043 0.        ] [7747]
[1.         5.48084856 0.08395373] 0.6061[1.         5.48084856 0.08395373] [6061]
[2.39151575 0.96138767 0.        ] 0.705[2.39151575 0.96138767 0.        ] [7050]
[1.         1.19013243 0.        ] 0.8117[1.         1.19013243 0.        ] [8117]
[2.11144595 2.5438744  0.        ] 0.7998[2.11144595 2.5438744  0.        ] [7998]
[1.         6.04092791 0.02919668] 0.7535[1.         6.04092791 0.02919668] [7535]
[1.65184601 1.81138023 0.        ] 0.8021[1.65184601 1.81138023 0.        ] [8021]
[2.04117367 5.9665958  0.02800548] 0.7337[2.04117367 5.9665958  0.02800548] [7337]
[1.22022002 3.54160355 0.07278524] 0.6075[1.22022002 3.54160355 0.07278524] [6075]
[1.6002427  4.17160727 0.        ] 0.8251[1.6002427  4.17160727 0.        ] [8251]
[1.97801961 3.42635775 0.06828693] 0.5715[1.97801961 3.42635775 0.06828693] [5715]
[1.66469243 0.85853712 0.22328247] 0.3182[1.66469243 0.85853712 0.22328247] [3182]
[2.78460528 4.9309146  0.        ] 0.8041[2.78460528 4.9309146  0.        ] [8041]
[1.69190796 2.54658753 0.        ] 0.8127[1.69190796 2.54658753 0.        ] [8127]
[1.         2.66488224 0.04674954] 0.6792[1.         2.66488224 0.04674954] [6792]
[1.70826704 1.43326104 0.0633608 ] 0.5255[1.70826704 1.43326104 0.0633608 ] [5255]
[2.28636102 5.09235985 0.00755526] 0.7916[2.28636102 5.09235985 0.00755526] [7916]
[1.28834625 0.71777173 0.        ] 0.7742[1.28834625 0.71777173 0.        ] [7742]
[1.74372031 0.47440087 0.12336102] 0.2733[1.74372031 0.47440087 0.12336102] [2733]
[1.12582898 1.45113358 0.10354451] 0.5266[1.12582898 1.45113358 0.10354451] [5266]
[1.         1.00922013 0.        ] 0.8065[1.         1.00922013 0.        ] [8065]
[1.38191502 6.71997916 0.10060359] 0.5805[1.38191502 6.71997916 0.10060359] [5805]
[1.85158898 2.77187137 0.02086836] 0.733[1.85158898 2.77187137 0.02086836] [7330]
[1.         4.37127678 0.01760275] 0.7831[1.         4.37127678 0.01760275] [7831]
[1.4185137  5.48299476 0.05285184] 0.6657[1.4185137  5.48299476 0.05285184] [6657]
[1.74820993 6.44164609 0.03385636] 0.7256[1.74820993 6.44164609 0.03385636] [7256]
[1.         3.13726612 0.        ] 0.8294[1.         3.13726612 0.        ] [8294]
[1.39323266 3.82150683 0.05345843] 0.6521[1.39323266 3.82150683 0.05345843] [6521]
[1.60427832 5.26423678 0.07236484] 0.606[1.60427832 5.26423678 0.07236484] [6060]
[1.23130688 4.90979404 0.04308038] 0.7037[1.23130688 4.90979404 0.04308038] [7037]
[1.33955495 1.4424727  0.        ] 0.8054[1.33955495 1.4424727  0.        ] [8054]
[2.8905496  2.91535505 0.0956455 ] 0.4151[2.8905496  2.91535505 0.0956455 ] [4151]
[1.         6.04593146 0.03753118] 0.7288[1.         6.04593146 0.03753118] [7288]
[1.         2.45961879 0.08069939] 0.5914[1.         2.45961879 0.08069939] [5914]
[1.         6.27922807 0.        ] 0.8362[1.         6.27922807 0.        ] [8362]
[1.85125901 5.41088429 0.        ] 0.8255[1.85125901 5.41088429 0.        ] [8255]
[1.5911586  0.78485496 0.02611712] 0.587[1.5911586  0.78485496 0.02611712] [5870]
[2.56077773 7.4087844  0.        ] 0.8203[2.56077773 7.4087844  0.        ] [8203]
[2.2203383  1.96104151 0.01064659] 0.728[2.2203383  1.96104151 0.01064659] [7280]
[1.17073262 3.45601645 0.        ] 0.8288[1.17073262 3.45601645 0.        ] [8288]
[1.84369986 6.46586717 0.13076181] 0.5411[1.84369986 6.46586717 0.13076181] [5411]
[1.00000000e+00 0.00000000e+00 5.59855932e-04] 0.6149[1.00000000e+00 0.00000000e+00 5.59855932e-04] [6149]
[1.74300297 2.56304373 0.        ] 0.811[1.74300297 2.56304373 0.        ] [8110]
[1.99690942 5.74610691 0.        ] 0.8244[1.99690942 5.74610691 0.        ] [8244]
[2.17054809 4.76181481 0.        ] 0.8183[2.17054809 4.76181481 0.        ] [8183]
[1.47630121 3.21463054 0.        ] 0.8229[1.47630121 3.21463054 0.        ] [8229]
[2.19751148 6.16799907 0.0800775 ] 0.5724[2.19751148 6.16799907 0.0800775 ] [5724]
[2.33541368 4.12066643 0.        ] 0.8107[2.33541368 4.12066643 0.        ] [8107]
[1.77459864 4.67305828 0.        ] 0.8243[1.77459864 4.67305828 0.        ] [8243]
[1.0997011  3.88559338 0.07252726] 0.6154[1.0997011  3.88559338 0.07252726] [6154]
[1.97101091 0.60619484 0.        ] 0.7076[1.97101091 0.60619484 0.        ] [7076]
[1.55251137 4.47618617 0.        ] 0.8269[1.55251137 4.47618617 0.        ] [8269]
[1.60481917 8.97099661 0.02920357] 0.7497[1.60481917 8.97099661 0.02920357] [7497]
[2.11527292 1.42757578 0.02758231] 0.5919[2.11527292 1.42757578 0.02758231] [5919]
[1.48990527 0.         0.        ] 0.6247[1.48990527 0.         0.        ] [6247]
[1. 0. 0.] 0.6247[1. 0. 0.] [6247]
[1.7100517  5.31883487 0.08923133] 0.5761[1.7100517  5.31883487 0.08923133] [5761]
[1.         2.38230174 0.        ] 0.8266[1.         2.38230174 0.        ] [8266]
[2.7244641  3.36269376 0.01634971] 0.69[2.7244641  3.36269376 0.01634971] [6900]
[1.11226651 1.30752766 0.        ] 0.8102[1.11226651 1.30752766 0.        ] [8102]
[1.         4.70675884 0.2327306 ] 0.5217[1.         4.70675884 0.2327306 ] [5217]
[1.81229735 2.90250476 0.16624195] 0.4811[1.81229735 2.90250476 0.16624195] [4811]
[1.33232039 6.20348538 0.05352592] 0.6698[1.33232039 6.20348538 0.05352592] [6698]
[2.47569178 2.35635843 0.01747851] 0.6691[2.47569178 2.35635843 0.01747851] [6691]
[1.56289021 3.76427649 0.        ] 0.8241[1.56289021 3.76427649 0.        ] [8241]
[1.55048241 1.81586345 0.        ] 0.806[1.55048241 1.81586345 0.        ] [8060]
[1.5450493  3.44189815 0.07353609] 0.5889[1.5450493  3.44189815 0.07353609] [5889]
[1.54983501 6.44868104 0.        ] 0.8305[1.54983501 6.44868104 0.        ] [8305]
[2.29191099 4.53162588 0.04726621] 0.6262[2.29191099 4.53162588 0.04726621] [6262]
[2.18262304 3.4839936  0.        ] 0.8091[2.18262304 3.4839936  0.        ] [8091]
[1.85841381 4.7021081  0.        ] 0.8234[1.85841381 4.7021081  0.        ] [8234]
[2.27350389 1.27839928 0.        ] 0.7504[2.27350389 1.27839928 0.        ] [7504]
[1.89837524 1.562588   0.09706349] 0.4556[1.89837524 1.562588   0.09706349] [4556]
[1.         2.85359929 0.        ] 0.829[1.         2.85359929 0.        ] [8290]
[1.        0.4855281 0.0786047] 0.4549[1.        0.4855281 0.0786047] [4549]
[1.         3.44667494 0.        ] 0.8299[1.         3.44667494 0.        ] [8299]
[1.         1.62445468 0.        ] 0.8202[1.         1.62445468 0.        ] [8202]
[1.52042753 3.61164334 0.        ] 0.8243[1.52042753 3.61164334 0.        ] [8243]
[1.71635    7.92708873 0.        ] 0.8314[1.71635    7.92708873 0.        ] [8314]
[2.27698513 4.78969247 0.10554962] 0.5221[2.27698513 4.78969247 0.10554962] [5221]
[2.20673002 2.45754159 0.01427656] 0.73[2.20673002 2.45754159 0.01427656] [7300]
[1.90133299 0.         0.05993414] 0.2765[1.90133299 0.         0.05993414] [2765]
[2.11474583 4.84998146 0.        ] 0.8196[2.11474583 4.84998146 0.        ] [8196]
[1.31387954 3.93900995 0.18430411] 0.5192[1.31387954 3.93900995 0.18430411] [5192]
[2.49845526 5.43985578 0.03411969] 0.6724[2.49845526 5.43985578 0.03411969] [6724]
[1.40911437 8.34403248 0.        ] 0.8339[1.40911437 8.34403248 0.        ] [8339]
[1.31474488 0.         0.23379289] 0.1959[1.31474488 0.         0.23379289] [1959]
[2.05772388 1.83892955 0.15068619] 0.4143[2.05772388 1.83892955 0.15068619] [4143]
[1.75262369 3.53685076 0.        ] 0.8202[1.75262369 3.53685076 0.        ] [8202]
epoch 2
[1.32200149 3.56710577 0.        ] 0.827[1.32200149 3.56710577 0.        ] [8270]
[1.27695743 3.19412451 0.        ] 0.8264[1.27695743 3.19412451 0.        ] [8264]
[1.         3.51271111 0.02134645] 0.7685[1.         3.51271111 0.02134645] [7685]
[1.18368504 6.30795425 0.        ] 0.8333[1.18368504 6.30795425 0.        ] [8333]
[1.49386165 6.39112506 0.01161907] 0.799[1.49386165 6.39112506 0.01161907] [7990]
[1.30228883 6.26866418 0.03083562] 0.7442[1.30228883 6.26866418 0.03083562] [7442]
[1.14609515 3.44936676 0.        ] 0.8289[1.14609515 3.44936676 0.        ] [8289]
[1.32467529 6.23176819 0.        ] 0.8319[1.32467529 6.23176819 0.        ] [8319]
[1.         3.54561627 0.        ] 0.83[1.         3.54561627 0.        ] [8300]
[1.57902907 7.40258561 0.06896358] 0.6255[1.57902907 7.40258561 0.06896358] [6255]
[1.        4.3874792 0.       ] 0.8322[1.        4.3874792 0.       ] [8322]
[1.31085421 5.05734766 0.        ] 0.8303[1.31085421 5.05734766 0.        ] [8303]
[1.36408268 5.2375677  0.03417322] 0.7291[1.36408268 5.2375677  0.03417322] [7291]
[1.56159339 9.75261003 0.        ] 0.8342[1.56159339 9.75261003 0.        ] [8342]
[1.18969392 3.27501815 0.        ] 0.8276[1.18969392 3.27501815 0.        ] [8276]
[1.01471934 3.32830726 0.00934255] 0.8034[1.01471934 3.32830726 0.00934255] [8034]
[1.33984318 5.52673957 0.        ] 0.8315[1.33984318 5.52673957 0.        ] [8315]
[1.31308945 5.17717131 0.        ] 0.8309[1.31308945 5.17717131 0.        ] [8309]
[1.51377654 6.11478664 0.        ] 0.8302[1.51377654 6.11478664 0.        ] [8302]
[1.12651958 3.92482018 0.        ] 0.8297[1.12651958 3.92482018 0.        ] [8297]
[1.85187037 7.20618986 0.        ] 0.8289[1.85187037 7.20618986 0.        ] [8289]
[1.0090484  3.85657608 0.        ] 0.8318[1.0090484  3.85657608 0.        ] [8318]
[1.41367225 6.15449969 0.        ] 0.8317[1.41367225 6.15449969 0.        ] [8317]
[1.         1.20692629 0.10481783] 0.5235[1.         1.20692629 0.10481783] [5235]
[1.2208478  4.57636353 0.25493418] 0.5104[1.2208478  4.57636353 0.25493418] [5104]
[1.         1.80560461 0.        ] 0.8229[1.         1.80560461 0.        ] [8229]
[1.33351173 5.37646005 0.        ] 0.8314[1.33351173 5.37646005 0.        ] [8314]
[1.14516844 7.8504965  0.09300286] 0.5973[1.14516844 7.8504965  0.09300286] [5973]
[1.         5.07099165 0.        ] 0.8333[1.         5.07099165 0.        ] [8333]
[1.49065213 7.75377795 0.        ] 0.8326[1.49065213 7.75377795 0.        ] [8326]
[1.42283105 5.08351166 0.0393836 ] 0.7101[1.42283105 5.08351166 0.0393836 ] [7101]
[1.1358589  4.00236829 0.        ] 0.8298[1.1358589  4.00236829 0.        ] [8298]
[1.19362427 4.05998378 0.        ] 0.8295[1.19362427 4.05998378 0.        ] [8295]
[1.77299052 4.27895279 0.00766842] 0.7987[1.77299052 4.27895279 0.00766842] [7987]
[1.61122668 9.74953072 0.06353951] 0.6425[1.61122668 9.74953072 0.06353951] [6425]
[1.19555718 5.19670878 0.19887301] 0.5264[1.19555718 5.19670878 0.19887301] [5264]
[1.51732569 7.90443477 0.        ] 0.8326[1.51732569 7.90443477 0.        ] [8326]
[1.19482989 6.02055241 0.05030966] 0.6832[1.19482989 6.02055241 0.05030966] [6832]
[1.         3.87293617 0.04585544] 0.6952[1.         3.87293617 0.04585544] [6952]
[1.72551556 5.85296594 0.        ] 0.8281[1.72551556 5.85296594 0.        ] [8281]
[1.2438129  4.27453236 0.        ] 0.8295[1.2438129  4.27453236 0.        ] [8295]
[1.02013551 5.17223963 0.        ] 0.8331[1.02013551 5.17223963 0.        ] [8331]
[1.40972699 3.50325702 0.09485026] 0.5659[1.40972699 3.50325702 0.09485026] [5659]
[1.16552729 4.34208828 0.        ] 0.8302[1.16552729 4.34208828 0.        ] [8302]
[1.41764125 3.91289546 0.        ] 0.827[1.41764125 3.91289546 0.        ] [8270]
[1.17416634 4.25552027 0.        ] 0.8298[1.17416634 4.25552027 0.        ] [8298]
[1.18902981 5.38342641 0.06910372] 0.6279[1.18902981 5.38342641 0.06910372] [6279]
[1.34405146 5.30636624 0.        ] 0.8307[1.34405146 5.30636624 0.        ] [8307]
[1.         2.35424537 0.0728469 ] 0.6029[1.         2.35424537 0.0728469 ] [6029]
[1.29142644 2.8538686  0.        ] 0.8245[1.29142644 2.8538686  0.        ] [8245]
[1.33718348 5.35950225 0.19850294] 0.5235[1.33718348 5.35950225 0.19850294] [5235]
[1.60320093 7.99931245 0.        ] 0.8319[1.60320093 7.99931245 0.        ] [8319]
[1.42836087 5.97660625 0.        ] 0.8314[1.42836087 5.97660625 0.        ] [8314]
[1.         2.71638768 0.05897528] 0.6408[1.         2.71638768 0.05897528] [6408]
[1.         3.66111085 0.        ] 0.8316[1.         3.66111085 0.        ] [8316]
[1.         3.11407919 0.        ] 0.8293[1.         3.11407919 0.        ] [8293]
[1.47820751 5.20336078 0.        ] 0.8292[1.47820751 5.20336078 0.        ] [8292]
[1.91229263 8.07627927 0.04091695] 0.7029[1.91229263 8.07627927 0.04091695] [7029]
[1.31626982 3.03192222 0.02753991] 0.7374[1.31626982 3.03192222 0.02753991] [7374]
[1.61793158 7.55534705 0.        ] 0.8315[1.61793158 7.55534705 0.        ] [8315]
[1.         3.47036535 0.        ] 0.8299[1.         3.47036535 0.        ] [8299]
[1.39397142 5.03703073 0.07004609] 0.6176[1.39397142 5.03703073 0.07004609] [6176]
[1.01644394 5.23013333 0.        ] 0.8335[1.01644394 5.23013333 0.        ] [8335]
[1.33146058 6.32276122 0.00909119] 0.8078[1.33146058 6.32276122 0.00909119] [8078]
[1.0990263  5.43057426 0.        ] 0.8327[1.0990263  5.43057426 0.        ] [8327]
[1.00000000e+00 1.49645604e-01 5.89932813e-04] 0.6849[1.00000000e+00 1.49645604e-01 5.89932813e-04] [6849]
[1.55196557 5.73626507 0.        ] 0.8293[1.55196557 5.73626507 0.        ] [8293]
[1.56232627 8.51965098 0.        ] 0.8328[1.56232627 8.51965098 0.        ] [8328]
[1.07580478 5.45325927 0.        ] 0.8331[1.07580478 5.45325927 0.        ] [8331]
[1.29410926 4.44720971 0.1682831 ] 0.5302[1.29410926 4.44720971 0.1682831 ] [5302]
[1.         0.         0.09259797] 0.2431[1.         0.         0.09259797] [2431]
[1.31641062 7.33724227 0.02847311] 0.7534[1.31641062 7.33724227 0.02847311] [7534]
[1.03932151 4.54015128 0.08810099] 0.5964[1.03932151 4.54015128 0.08810099] [5964]
[1.07861453 3.20620406 0.        ] 0.829[1.07861453 3.20620406 0.        ] [8290]
[1.21400153 6.53398158 0.02775958] 0.7549[1.21400153 6.53398158 0.02775958] [7549]
[1.32095401 5.35591345 0.03274811] 0.7358[1.32095401 5.35591345 0.03274811] [7358]
[1.24643927 4.57160968 0.        ] 0.8298[1.24643927 4.57160968 0.        ] [8298]
[1.         2.76319627 0.09276093] 0.5777[1.         2.76319627 0.09276093] [5777]
[1.         2.81408561 0.007611  ] 0.8069[1.         2.81408561 0.007611  ] [8069]
[1.         2.84142603 0.        ] 0.8289[1.         2.84142603 0.        ] [8289]
[1.03347674 6.02588945 0.04593297] 0.7019[1.03347674 6.02588945 0.04593297] [7019]
[1.         3.29929092 0.03709007] 0.7196[1.         3.29929092 0.03709007] [7196]
[1.12551616 3.69068342 0.        ] 0.8294[1.12551616 3.69068342 0.        ] [8294]
[1.18238984 5.58042732 0.11033439] 0.5725[1.18238984 5.58042732 0.11033439] [5725]
[1.40846657 8.5884538  0.05102378] 0.6827[1.40846657 8.5884538  0.05102378] [6827]
[1.1619291 4.402635  0.       ] 0.8312[1.1619291 4.402635  0.       ] [8312]
[1.32522737 6.28981457 0.13913421] 0.5516[1.32522737 6.28981457 0.13913421] [5516]
[1.33491792 7.62304482 0.        ] 0.8337[1.33491792 7.62304482 0.        ] [8337]
[1.43060954 6.61663154 0.11680934] 0.5648[1.43060954 6.61663154 0.11680934] [5648]
[1.15713584 7.70665577 0.        ] 0.8365[1.15713584 7.70665577 0.        ] [8365]
[1.55953333 6.4792263  0.09766965] 0.5767[1.55953333 6.4792263  0.09766965] [5767]
[1.03360008 2.2529545  0.07779447] 0.5902[1.03360008 2.2529545  0.07779447] [5902]
[1.44168103 3.50073843 0.        ] 0.825[1.44168103 3.50073843 0.        ] [8250]
[1.         0.         0.20813018] 0.194[1.         0.         0.20813018] [1940]
[1.61302455 8.01451918 0.08238778] 0.6016[1.61302455 8.01451918 0.08238778] [6016]
[1.11306036 4.60447512 0.        ] 0.8318[1.11306036 4.60447512 0.        ] [8318]
[1.36315729 5.74937373 0.09719255] 0.5804[1.36315729 5.74937373 0.09719255] [5804]
[1.28145319 2.50280874 0.15043698] 0.5155[1.28145319 2.50280874 0.15043698] [5155]
[1.0531518  3.25758707 0.03030851] 0.7392[1.0531518  3.25758707 0.03030851] [7392]
[1.41654986 3.04767223 0.        ] 0.823[1.41654986 3.04767223 0.        ] [8230]
