epoch 0
[1.4652886  0.         1.12792553] 0.0[1.4652886  0.         1.12792553] [0]
[5.26130673 0.         0.        ] 0.625[5.26130673 0.         0.        ] [6250]
[1.         0.         2.73509768] 0.0[1.         0.         2.73509768] [0]
[3.8613066  0.03124217 5.49313688] 0.0[3.8613066  0.03124217 5.49313688] [0]
[3.45180544 0.         1.93700307] 0.0[3.45180544 0.         1.93700307] [0]
[1.         2.5761683  8.19874446] 0.1543[1.         2.5761683  8.19874446] [1543]
[2.02824614 4.93915985 1.0232544 ] 0.4328[2.02824614 4.93915985 1.0232544 ] [4328]
[1. 0. 0.] 0.6247[1. 0. 0.] [6247]
[1.         4.46111335 0.        ] 0.8323[1.         4.46111335 0.        ] [8323]
[1.         2.20952685 0.47537288] 0.4633[1.         2.20952685 0.47537288] [4633]
[5.35573819 1.94188439 0.        ] 0.6368[5.35573819 1.94188439 0.        ] [6368]
[2.41422837 1.74175863 1.87881013] 0.2225[2.41422837 1.74175863 1.87881013] [2225]
[1. 0. 0.] 0.6247[1. 0. 0.] [6247]
[2.32267802 2.26077075 0.        ] 0.7856[2.32267802 2.26077075 0.        ] [7856]
[1.88083281 0.4000938  1.34268328] 0.0839[1.88083281 0.4000938  1.34268328] [839]
[2.6419796 0.        0.       ] 0.6248[2.6419796 0.        0.       ] [6248]
[1. 0. 0.] 0.6247[1. 0. 0.] [6247]
[1.         0.         3.07839812] 0.0[1.         0.         3.07839812] [0]
[2.78927277 6.29298473 0.        ] 0.8121[2.78927277 6.29298473 0.        ] [8121]
[5.19792862 2.90101379 0.        ] 0.6361[5.19792862 2.90101379 0.        ] [6361]
[1. 0. 0.] 0.6247[1. 0. 0.] [6247]
[5.37842459 3.49523438 4.98877061] 0.1597[5.37842459 3.49523438 4.98877061] [1597]
[1.         0.62611434 0.        ] 0.7849[1.         0.62611434 0.        ] [7849]
[1.37826231 2.14433977 3.51969504] 0.2778[1.37826231 2.14433977 3.51969504] [2778]
[4.48934103 0.         0.        ] 0.625[4.48934103 0.         0.        ] [6250]
[6.05905678 0.         0.        ] 0.625[6.05905678 0.         0.        ] [6250]
[2.10178382 1.76207455 0.4172331 ] 0.3374[2.10178382 1.76207455 0.4172331 ] [3374]
[5.60586938 1.76335646 2.30423429] 0.1502[5.60586938 1.76335646 2.30423429] [1502]
[1.74876262 5.56522511 0.        ] 0.8273[1.74876262 5.56522511 0.        ] [8273]
[1.         3.07557713 0.24639907] 0.507[1.         3.07557713 0.24639907] [5070]
[1.         0.27135649 5.18107971] 0.0[1.         0.27135649 5.18107971] [0]
[8.52903169 0.         0.        ] 0.625[8.52903169 0.         0.        ] [6250]
[6.40081514 3.12656299 2.38198583] 0.1815[6.40081514 3.12656299 2.38198583] [1815]
[1.37764946 0.94731879 4.15191303] 0.0344[1.37764946 0.94731879 4.15191303] [344]
[2.42932004 0.93966373 0.        ] 0.6968[2.42932004 0.93966373 0.        ] [6968]
[1.         0.         3.10933457] 0.0[1.         0.         3.10933457] [0]
[1.         1.42677702 0.72943127] 0.4074[1.         1.42677702 0.72943127] [4074]
[1. 0. 0.] 0.6247[1. 0. 0.] [6247]
[2.94140226 5.17906577 0.        ] 0.8005[2.94140226 5.17906577 0.        ] [8005]
[1. 0. 0.] 0.6247[1. 0. 0.] [6247]
[6.3065394  0.         1.19860576] 0.0[6.3065394  0.         1.19860576] [0]
[1.87449694 6.35922945 1.76987242] 0.4399[1.87449694 6.35922945 1.76987242] [4399]
[1.         8.70940801 1.34846228] 0.4815[1.         8.70940801 1.34846228] [4815]
[1.         0.38648916 4.62119911] 0.0[1.         0.38648916 4.62119911] [0]
[2.43694994 0.         7.24078788] 0.0[2.43694994 0.         7.24078788] [0]
[5.74452621 1.83695013 3.48156522] 0.1229[5.74452621 1.83695013 3.48156522] [1229]
[6.41286062 5.00831215 0.90226074] 0.2276[6.41286062 5.00831215 0.90226074] [2276]
[1.         0.         2.80778897] 0.0[1.         0.         2.80778897] [0]
[2.64862734 0.         4.21923733] 0.0[2.64862734 0.         4.21923733] [0]
[1.48390941 6.02806881 0.        ] 0.8304[1.48390941 6.02806881 0.        ] [8304]
epoch 1
[2.86850475 4.85294615 0.07386591] 0.5151[2.86850475 4.85294615 0.07386591] [5151]
[2.32215608 6.84259227 0.01934707] 0.7595[2.32215608 6.84259227 0.01934707] [7595]
[2.3971241  5.34709354 0.16453581] 0.4849[2.3971241  5.34709354 0.16453581] [4849]
[1.         5.47713754 0.        ] 0.8345[1.         5.47713754 0.        ] [8345]
[1.10774635 5.61684255 0.        ] 0.833[1.10774635 5.61684255 0.        ] [8330]
[3.26530937 5.7645874  0.        ] 0.7921[3.26530937 5.7645874  0.        ] [7921]
[2.63830777 5.57499114 0.03546546] 0.6569[2.63830777 5.57499114 0.03546546] [6569]
[2.56017836 5.36205806 0.26529931] 0.4472[2.56017836 5.36205806 0.26529931] [4472]
[1.49120997 5.18845329 0.        ] 0.8291[1.49120997 5.18845329 0.        ] [8291]
[2.44221422 5.52919944 0.        ] 0.8163[2.44221422 5.52919944 0.        ] [8163]
[2.20382945 5.67128086 0.17186096] 0.4984[2.20382945 5.67128086 0.17186096] [4984]
[1.78720638 6.72834415 0.        ] 0.829[1.78720638 6.72834415 0.        ] [8290]
[2.09385792 5.82506237 0.07061099] 0.5923[2.09385792 5.82506237 0.07061099] [5923]
[2.50936056 6.16263396 0.        ] 0.8175[2.50936056 6.16263396 0.        ] [8175]
[1.48743832 5.86594109 0.        ] 0.8299[1.48743832 5.86594109 0.        ] [8299]
[1.15956181 5.58594094 0.23483745] 0.5213[1.15956181 5.58594094 0.23483745] [5213]
[2.52145667 7.06822869 0.1329979 ] 0.5116[2.52145667 7.06822869 0.1329979 ] [5116]
[1.29828159 4.17598319 0.        ] 0.8291[1.29828159 4.17598319 0.        ] [8291]
[1.78817579 3.68915136 0.        ] 0.8204[1.78817579 3.68915136 0.        ] [8204]
[1.38615077 4.55953686 0.        ] 0.829[1.38615077 4.55953686 0.        ] [8290]
[1.64905298 5.5515892  0.0448021 ] 0.6855[1.64905298 5.5515892  0.0448021 ] [6855]
[1.         5.05119341 0.        ] 0.8331[1.         5.05119341 0.        ] [8331]
[3.53480248 5.49146438 0.        ] 0.7667[3.53480248 5.49146438 0.        ] [7667]
[1.41222508 5.19693352 0.07075452] 0.6164[1.41222508 5.19693352 0.07075452] [6164]
[2.77392144 6.10328525 0.        ] 0.8113[2.77392144 6.10328525 0.        ] [8113]
[1.93896542 4.76536098 0.        ] 0.8222[1.93896542 4.76536098 0.        ] [8222]
[2.32621522 5.11334731 0.        ] 0.817[2.32621522 5.11334731 0.        ] [8170]
[1.         5.09485617 0.        ] 0.8333[1.         5.09485617 0.        ] [8333]
[1.4732037  5.41404219 0.        ] 0.8294[1.4732037  5.41404219 0.        ] [8294]
[2.35679096 5.81561097 0.18958108] 0.4849[2.35679096 5.81561097 0.18958108] [4849]
[2.79404215 6.43584956 0.17992492] 0.4641[2.79404215 6.43584956 0.17992492] [4641]
[1.21994635 4.19003253 0.0149999 ] 0.7864[1.21994635 4.19003253 0.0149999 ] [7864]
[2.91918341 5.87866215 0.        ] 0.8064[2.91918341 5.87866215 0.        ] [8064]
[2.02135138 4.87049771 0.        ] 0.8215[2.02135138 4.87049771 0.        ] [8215]
[3.58018838 6.22105782 0.        ] 0.7766[3.58018838 6.22105782 0.        ] [7766]
[2.74931247 5.72294747 0.16084182] 0.465[2.74931247 5.72294747 0.16084182] [4650]
[2.14638135 6.32275272 0.08165894] 0.5746[2.14638135 6.32275272 0.08165894] [5746]
[2.12657214 5.33475524 0.07240126] 0.5821[2.12657214 5.33475524 0.07240126] [5821]
[1.14872754 4.66741919 0.        ] 0.8317[1.14872754 4.66741919 0.        ] [8317]
[2.53368199 5.9641721  0.        ] 0.8162[2.53368199 5.9641721  0.        ] [8162]
[1.         5.16272267 0.        ] 0.8335[1.         5.16272267 0.        ] [8335]
[1.70629571 4.41571545 0.        ] 0.8244[1.70629571 4.41571545 0.        ] [8244]
[1.73651512 5.61763576 0.        ] 0.8276[1.73651512 5.61763576 0.        ] [8276]
[1.57711274 6.94571285 0.        ] 0.8315[1.57711274 6.94571285 0.        ] [8315]
[1.2423257  4.19727887 0.0709592 ] 0.6159[1.2423257  4.19727887 0.0709592 ] [6159]
[3.0190764  5.01421282 0.        ] 0.7955[3.0190764  5.01421282 0.        ] [7955]
[2.12938524 4.71319732 0.        ] 0.819[2.12938524 4.71319732 0.        ] [8190]
[3.11517245 5.23472442 0.04859306] 0.5629[3.11517245 5.23472442 0.04859306] [5629]
[2.49050823 5.73730933 0.        ] 0.8161[2.49050823 5.73730933 0.        ] [8161]
[2.14973775 5.40162035 0.        ] 0.8211[2.14973775 5.40162035 0.        ] [8211]
epoch 2
[1.0539299  5.20480197 0.13126304] 0.5588[1.0539299  5.20480197 0.13126304] [5588]
[1.09791794 5.6507898  0.10472553] 0.5794[1.09791794 5.6507898  0.10472553] [5794]
[1.         5.1246395  0.14703894] 0.5511[1.         5.1246395  0.14703894] [5511]
[1.         4.89516252 0.        ] 0.8328[1.         4.89516252 0.        ] [8328]
[1.         5.14636928 0.05702794] 0.6624[1.         5.14636928 0.05702794] [6624]
[1.         4.89727547 0.        ] 0.8328[1.         4.89727547 0.        ] [8328]
[1.         5.1727259  0.26076762] 0.5183[1.         5.1727259  0.26076762] [5183]
[1.04953815 5.36351734 0.01673433] 0.7871[1.04953815 5.36351734 0.01673433] [7871]
[1.         5.27472561 0.03396955] 0.7373[1.         5.27472561 0.03396955] [7373]
[1.12382064 5.53574364 0.        ] 0.8327[1.12382064 5.53574364 0.        ] [8327]
[1.03852168 4.89132372 0.        ] 0.8325[1.03852168 4.89132372 0.        ] [8325]
[1.         5.73081318 0.07345739] 0.6244[1.         5.73081318 0.07345739] [6244]
[1.         4.88434043 0.        ] 0.8328[1.         4.88434043 0.        ] [8328]
[1.0138467  5.82396068 0.        ] 0.835[1.0138467  5.82396068 0.        ] [8350]
[1.00923042 5.31800803 0.18110124] 0.5374[1.00923042 5.31800803 0.18110124] [5374]
[1.         5.12593733 0.09310341] 0.5925[1.         5.12593733 0.09310341] [5925]
[1.08787743 5.04552465 0.07308414] 0.6212[1.08787743 5.04552465 0.07308414] [6212]
[1.         4.82701019 0.        ] 0.8327[1.         4.82701019 0.        ] [8327]
[1.09418236 5.17616731 0.        ] 0.8324[1.09418236 5.17616731 0.        ] [8324]
[1.03151342 5.19322252 0.        ] 0.8331[1.03151342 5.19322252 0.        ] [8331]
[1.0529393  5.22823785 0.00619971] 0.8169[1.0529393  5.22823785 0.00619971] [8169]
[1.         5.57398519 0.04929448] 0.6902[1.         5.57398519 0.04929448] [6902]
[1.05747489 5.28179194 0.        ] 0.833[1.05747489 5.28179194 0.        ] [8330]
[1.         5.59203952 0.        ] 0.8347[1.         5.59203952 0.        ] [8347]
[1.         4.7214776  0.16828943] 0.5402[1.         4.7214776  0.16828943] [5402]
[1.         5.30837702 0.15566517] 0.5472[1.         5.30837702 0.15566517] [5472]
[1.         5.55215218 0.        ] 0.8346[1.         5.55215218 0.        ] [8346]
[1.13646356 5.57838746 0.        ] 0.8325[1.13646356 5.57838746 0.        ] [8325]
[1.02832252 5.64241282 0.06042881] 0.6538[1.02832252 5.64241282 0.06042881] [6538]
[1.01112843 4.89582421 0.        ] 0.8327[1.01112843 4.89582421 0.        ] [8327]
[1.         4.86861777 0.        ] 0.8328[1.         4.86861777 0.        ] [8328]
[1.17966324 5.39319846 0.        ] 0.8321[1.17966324 5.39319846 0.        ] [8321]
[1.00882714 4.9936856  0.        ] 0.8328[1.00882714 4.9936856  0.        ] [8328]
[1.21236365 5.70248904 0.        ] 0.8322[1.21236365 5.70248904 0.        ] [8322]
[1.02331883 5.45238927 0.        ] 0.8339[1.02331883 5.45238927 0.        ] [8339]
[1.16760091 5.44519825 0.24153581] 0.5192[1.16760091 5.44519825 0.24153581] [5192]
[1.         5.15782726 0.        ] 0.8335[1.         5.15782726 0.        ] [8335]
[1.08454663 5.38440963 0.01713786] 0.7856[1.08454663 5.38440963 0.01713786] [7856]
[1.21829439 5.20459626 0.        ] 0.8319[1.21829439 5.20459626 0.        ] [8319]
[1.13403469 5.42979874 0.03884169] 0.7205[1.13403469 5.42979874 0.03884169] [7205]
[1.04022015 5.62207504 0.        ] 0.834[1.04022015 5.62207504 0.        ] [8340]
[1.         5.36491731 0.        ] 0.8341[1.         5.36491731 0.        ] [8341]
[1.02609098 5.01951398 0.        ] 0.8328[1.02609098 5.01951398 0.        ] [8328]
[1.0512756  5.20959697 0.03333575] 0.7382[1.0512756  5.20959697 0.03333575] [7382]
[1.        5.2501649 0.       ] 0.8338[1.        5.2501649 0.       ] [8338]
[1.         5.56947529 0.        ] 0.8347[1.         5.56947529 0.        ] [8347]
[1.         5.70278801 0.        ] 0.835[1.         5.70278801 0.        ] [8350]
[1.10904455 5.3488566  0.        ] 0.8325[1.10904455 5.3488566  0.        ] [8325]
[1.         5.01947465 0.        ] 0.8331[1.         5.01947465 0.        ] [8331]
[1.1717728  4.82716105 0.04453537] 0.6994[1.1717728  4.82716105 0.04453537] [6994]
