epoch 0
[3.0601942  4.52551606 0.        ] 0.7885[3.0601942  4.52551606 0.        ] [7885]
[1.95780099 0.         0.        ] 0.6248[1.95780099 0.         0.        ] [6248]
[1.         1.81869289 2.29673388] 0.335[1.         1.81869289 2.29673388] [3350]
[3.25976189 6.61017292 1.85864577] 0.3399[3.25976189 6.61017292 1.85864577] [3399]
[2.79184788 3.23871788 5.88234593] 0.1853[2.79184788 3.23871788 5.88234593] [1853]
[1.69579083 3.01701658 0.56311687] 0.4352[1.69579083 3.01701658 0.56311687] [4352]
[3.8123389  4.30179739 1.01963553] 0.2772[3.8123389  4.30179739 1.01963553] [2772]
[6.54458186 0.         0.        ] 0.625[6.54458186 0.         0.        ] [6250]
[1.         1.81676624 2.97048212] 0.2966[1.         1.81676624 2.97048212] [2966]
[1.         0.93364764 1.79944407] 0.2306[1.         0.93364764 1.79944407] [2306]
