epoch 0
[4.31326115 3.3142574  4.09441811] 0.1824[4.31326115 3.3142574  4.09441811] [1824]
[2.25027952 0.         0.        ] 0.6248[2.25027952 0.         0.        ] [6248]
[7.70637401 0.         3.13288383] 0.0[7.70637401 0.         3.13288383] [0]
[3.74526012 0.         0.        ] 0.6249[3.74526012 0.         0.        ] [6249]
[2.28427398 2.77623713 3.90632785] 0.2386[2.28427398 2.77623713 3.90632785] [2386]
[3.12809087 4.09903261 0.        ] 0.7786[3.12809087 4.09903261 0.        ] [7786]
[1.         0.         7.14523798] 0.0[1.         0.         7.14523798] [0]
[1.         0.         0.38448755] 0.1348[1.         0.         0.38448755] [1348]
[2.36339625 1.44668228 0.        ] 0.7535[2.36339625 1.44668228 0.        ] [7535]
[1.        0.        4.3952585] 0.0[1.        0.        4.3952585] [0]
[2.34974546 0.         1.35015688] 0.0[2.34974546 0.         1.35015688] [0]
[1.52810064 0.90484988 3.90216561] 0.0368[1.52810064 0.90484988 3.90216561] [368]
[4.05334559 0.         0.43345957] 0.0[4.05334559 0.         0.43345957] [0]
[2.06091515 2.81889079 1.38663212] 0.3568[2.06091515 2.81889079 1.38663212] [3568]
[1.         2.28718383 2.41293207] 0.364[1.         2.28718383 2.41293207] [3640]
[1.1646633  0.79962863 3.10022102] 0.0585[1.1646633  0.79962863 3.10022102] [585]
