epoch 0
[4.2450912  2.13630092 0.        ] 0.6394[4.2450912  2.13630092 0.        ] [6394]
[1.         4.17370524 0.        ] 0.832[1.         4.17370524 0.        ] [8320]
[1.        0.        1.9806376] 0.0[1.        0.        1.9806376] [0]
[4.25651711 4.05676857 1.040076  ] 0.256[4.25651711 4.05676857 1.040076  ] [2560]
[3.04339955 4.84163883 0.01346709] 0.7127[3.04339955 4.84163883 0.01346709] [7127]
[1.65622308 3.02883157 0.74233977] 0.4279[1.65622308 3.02883157 0.74233977] [4279]
[6.74421265 0.         0.        ] 0.625[6.74421265 0.         0.        ] [6250]
[6.46629799 0.         0.        ] 0.625[6.46629799 0.         0.        ] [6250]
[1.         0.         4.29895631] 0.0[1.         0.         4.29895631] [0]
[1.         1.02306756 0.        ] 0.807[1.         1.02306756 0.        ] [8070]
[1.29958224 4.5101041  0.93347025] 0.4625[1.29958224 4.5101041  0.93347025] [4625]
[3.22834091 0.         5.06027656] 0.0[3.22834091 0.         5.06027656] [0]
[4.0719883 0.        0.       ] 0.6249[4.0719883 0.        0.       ] [6249]
[1.         2.44967112 4.09043285] 0.3037[1.         2.44967112 4.09043285] [3037]
[1.         4.66424222 6.24618967] 0.3507[1.         4.66424222 6.24618967] [3507]
[1.         0.         3.62397991] 0.0[1.         0.         3.62397991] [0]
[2.22257257 2.34978095 0.        ] 0.7923[2.22257257 2.34978095 0.        ] [7923]
[1.71382126 0.         0.        ] 0.6248[1.71382126 0.         0.        ] [6248]
[5.296671   2.91771798 1.26561014] 0.2102[5.296671   2.91771798 1.26561014] [2102]
[1.         4.05108683 4.6752786 ] 0.3662[1.         4.05108683 4.6752786 ] [3662]
epoch 1
[1.         4.21653642 0.        ] 0.8321[1.         4.21653642 0.        ] [8321]
[1.09718432 1.23955292 0.        ] 0.8093[1.09718432 1.23955292 0.        ] [8093]
[1.16460202 2.53990167 0.        ] 0.825[1.16460202 2.53990167 0.        ] [8250]
[1.08716775 0.45150703 0.00409341] 0.7351[1.08716775 0.45150703 0.00409341] [7351]
[1.03184228 3.35776974 0.14888373] 0.5394[1.03184228 3.35776974 0.14888373] [5394]
[1.03091658 0.28469976 0.04856445] 0.4138[1.03091658 0.28469976 0.04856445] [4138]
[1.         1.91832469 0.        ] 0.8238[1.         1.91832469 0.        ] [8238]
[1.        0.        0.0543704] 0.2695[1.        0.        0.0543704] [2695]
[1.         5.77961049 0.05032308] 0.6875[1.         5.77961049 0.05032308] [6875]
[1.         2.58175232 0.03338318] 0.7248[1.         2.58175232 0.03338318] [7248]
[1.05711959 1.7927254  0.03599418] 0.6989[1.05711959 1.7927254  0.03599418] [6989]
[1.09357087 2.90972317 0.        ] 0.8274[1.09357087 2.90972317 0.        ] [8274]
[1.         2.82746916 0.03078912] 0.736[1.         2.82746916 0.03078912] [7360]
[1.19840341 0.20151386 0.01833242] 0.4747[1.19840341 0.20151386 0.01833242] [4747]
[1.08092865 0.         0.        ] 0.6247[1.08092865 0.         0.        ] [6247]
[1.11719355 3.86223776 0.16274026] 0.5339[1.11719355 3.86223776 0.16274026] [5339]
[1.         3.97467947 0.        ] 0.8319[1.         3.97467947 0.        ] [8319]
[1.00190526 0.         0.10974869] 0.234[1.00190526 0.         0.10974869] [2340]
[1.02973171e+00 6.39068569e+00 2.17364024e-03] 0.831[1.02973171e+00 6.39068569e+00 2.17364024e-03] [8310]
[1.06243021 3.00368261 0.        ] 0.8286[1.06243021 3.00368261 0.        ] [8286]
